# generation	 generation_size	 entropy	 age_avg	 size_avg	 fitness_avg	 fitness_max	 fitness_min	 sigma	 tau	 evaluations
1	 40	 0	 1	 96	 2101.4	 12846.3	 440.188	 0.9	 2	 40
2	 5	 9.83222	 1.675	 96	 2131.8	 12846.3	 476.625	 0.9	 2	 45
3	 8	 9.75464	 2.075	 96	 2351.68	 12846.3	 577.312	 0.9	 2	 53
4	 6	 9.59652	 2.4	 96	 2789.94	 12846.3	 633.625	 0.9	 2	 59
5	 6	 9.54165	 2.75	 96	 3233.77	 12846.3	 758.438	 0.9	 2	 65
6	 6	 9.46544	 2.875	 96	 3349.56	 12846.3	 857.938	 0.9	 2	 71
7	 9	 9.30936	 2.825	 96	 3664.03	 12846.3	 1228.81	 0.9	 2	 80
8	 9	 9.29825	 3.3	 96	 3846.17	 12846.3	 1238.62	 0.9	 2	 89
9	 8	 9.27609	 3.625	 96	 4018.56	 12846.3	 1243.56	 0.9	 2	 97
10	 6	 9.2848	 3.825	 96	 4464.7	 12995.3	 1251.69	 0.91	 2	 103
11	 7	 9.28375	 4	 96	 4924	 12995.3	 1270.44	 0.91	 2	 110
12	 7	 9.27836	 4.275	 96	 4954.09	 12995.3	 1286.12	 0.91	 2	 117
13	 5	 9.20388	 4.3	 96	 5145.45	 12995.3	 2406.56	 0.91	 2	 122
14	 6	 9.1794	 4.225	 96	 5483.38	 12995.3	 2454.81	 0.91	 2	 128
15	 7	 9.18945	 4.425	 96	 5743.1	 12995.3	 2597.69	 0.91	 2	 135
16	 9	 9.12313	 4.65	 96	 6099.1	 12995.3	 2688.06	 0.91	 2	 144
17	 7	 9.13123	 4.825	 96	 6615.7	 12995.3	 2875.44	 0.91	 2	 151
18	 5	 9.11951	 5.25	 96	 6999.77	 12995.3	 2920.75	 0.91	 2	 156
19	 7	 9.10406	 5.3	 96	 7560.51	 12995.3	 3167.44	 0.91	 2	 163
20	 8	 9.03245	 5.225	 96	 8070.4	 12995.3	 3317.69	 0.91	 2	 171
21	 7	 8.92797	 4	 96	 8275.21	 12995.3	 3711.06	 0.91	 2	 178
22	 9	 8.922	 3.775	 96	 9415.02	 12995.3	 4168.19	 0.91	 2	 187
23	 9	 8.83791	 3.225	 96	 10448.1	 12995.3	 4599.88	 0.91	 2	 196
24	 7	 8.87956	 3.625	 96	 10737.4	 12995.3	 4971.31	 0.91	 2	 203
25	 7	 8.98505	 3.55	 96	 11513.4	 12995.3	 5657.06	 0.91	 2	 210
26	 8	 9.00891	 3.9	 96	 12065.1	 12995.3	 8311.12	 0.91	 2	 218
27	 6	 8.90832	 3.775	 96	 12566	 12995.3	 11603.7	 0.91	 2	 224
28	 8	 8.84959	 3.825	 96	 12659.4	 13016.6	 12216	 0.919	 2	 232
29	 5	 8.84543	 3.95	 96	 12682.2	 13016.6	 12341	 0.919	 2	 237
30	 8	 8.7979	 4.125	 96	 12729.8	 13026.8	 12452.1	 0.9271	 2	 245
31	 7	 8.785	 4.825	 96	 12739.1	 13026.8	 12452.9	 0.9271	 2	 252
32	 5	 8.73005	 4.825	 96	 12771.6	 13026.9	 12502.5	 0.93439	 2	 257
33	 6	 8.71114	 5.075	 96	 12779.1	 13026.9	 12565.4	 0.93439	 2	 263
34	 8	 8.71182	 5.05	 96	 12800.2	 13026.9	 12587.1	 0.840951	 2	 271
35	 6	 8.71511	 5.475	 96	 12807.2	 13026.9	 12600.8	 0.756856	 2	 277
36	 6	 8.69427	 5.7	 96	 12816.9	 13026.9	 12625.1	 0.68117	 2	 283
37	 8	 8.686	 5.95	 96	 12824.4	 13026.9	 12667.5	 0.68117	 2	 291
38	 10	 8.65509	 6.3	 96	 12840.8	 13026.9	 12679.2	 0.68117	 2	 301
39	 5	 8.66784	 6.3	 96	 12857.5	 13183.9	 12703.2	 0.713053	 2	 306
40	 9	 8.6547	 5.775	 96	 12867.8	 13183.9	 12730.4	 0.641748	 2	 315
41	 9	 8.63883	 6.05	 96	 12870.9	 13183.9	 12734.7	 0.641748	 2	 324
42	 5	 8.60142	 6	 96	 12881	 13183.9	 12746.1	 0.641748	 2	 329
43	 9	 8.57329	 5.675	 96	 12892.7	 13183.9	 12769.6	 0.641748	 2	 338
44	 7	 8.58545	 6.275	 96	 12897.8	 13183.9	 12775.7	 0.577573	 2	 345
45	 7	 8.60788	 6.175	 96	 12917.9	 13199.3	 12796.4	 0.619816	 2	 352
46	 7	 8.61763	 6	 96	 12929.3	 13199.3	 12808.9	 0.619816	 2	 359
47	 5	 8.63074	 5.525	 96	 12956	 13199.3	 12825.2	 0.619816	 2	 364
48	 6	 8.59092	 5.4	 96	 12961.4	 13199.3	 12827.4	 0.619816	 2	 370
49	 7	 8.58025	 6.05	 96	 12968.2	 13199.3	 12827.5	 0.557834	 2	 377
50	 7	 8.59916	 5.775	 96	 12980.2	 13199.3	 12850.8	 0.557834	 2	 384
51	 9	 8.60988	 5.5	 96	 12996	 13199.3	 12864.4	 0.557834	 2	 393
52	 7	 8.60479	 5.675	 96	 13001.5	 13199.3	 12881.9	 0.557834	 2	 400
53	 6	 8.62317	 5.55	 96	 13017.3	 13199.3	 12893.1	 0.557834	 2	 406
54	 5	 8.61728	 5.75	 96	 13023	 13199.3	 12902.4	 0.557834	 2	 411
55	 7	 8.62957	 5.925	 96	 13034.2	 13199.3	 12914.1	 0.557834	 2	 418
56	 7	 8.61482	 5.8	 96	 13044.5	 13199.3	 12935.3	 0.557834	 2	 425
57	 4	 8.58462	 5.75	 96	 13051.4	 13199.3	 12949.8	 0.557834	 2	 429
58	 6	 8.58247	 5.375	 96	 13059	 13199.3	 12974.7	 0.557834	 2	 435
59	 5	 8.57279	 5.325	 96	 13066.1	 13199.3	 12980.8	 0.557834	 2	 440
60	 7	 8.54128	 5.575	 96	 13072.5	 13199.3	 12982.7	 0.557834	 2	 447
61	 5	 8.51389	 6.25	 96	 13073.7	 13199.3	 12983.3	 0.502051	 2	 452
62	 7	 8.4879	 5.525	 96	 13081.2	 13199.3	 12995.3	 0.502051	 2	 459
63	 6	 8.44886	 5.85	 96	 13091.4	 13233.5	 13008.4	 0.551846	 2	 465
64	 5	 8.42822	 5.775	 96	 13094.9	 13233.5	 13015.6	 0.496661	 2	 470
65	 6	 8.37206	 5.55	 96	 13108.5	 13233.5	 13026.8	 0.496661	 2	 476
66	 6	 8.34054	 5.525	 96	 13111.9	 13233.5	 13029.4	 0.496661	 2	 482
67	 4	 8.36241	 5.725	 96	 13116.4	 13233.5	 13037.6	 0.496661	 2	 486
68	 4	 8.36531	 5.725	 96	 13118.5	 13233.5	 13048.8	 0.496661	 2	 490
69	 6	 8.33307	 5.75	 96	 13123	 13233.5	 13054.2	 0.496661	 2	 496
70	 6	 8.32732	 5.525	 96	 13132.3	 13233.5	 13068	 0.496661	 2	 502
71	 5	 8.34811	 5.3	 96	 13137.4	 13233.5	 13086.6	 0.496661	 2	 507
72	 5	 8.3548	 5.9	 96	 13147.8	 13352.6	 13088.1	 0.546995	 2	 512
73	 5	 8.3719	 6.55	 96	 13150.2	 13352.6	 13089.2	 0.546995	 2	 517
74	 5	 8.38249	 6.225	 96	 13156.7	 13352.6	 13091	 0.546995	 2	 522
75	 4	 8.36942	 6.05	 96	 13159.6	 13352.6	 13099.4	 0.546995	 2	 526
76	 4	 8.35338	 6.325	 96	 13160.7	 13352.6	 13100.2	 0.546995	 2	 530
77	 7	 8.37699	 6.4	 96	 13161.4	 13352.6	 13102.5	 0.492296	 2	 537
78	 6	 8.37445	 6.225	 96	 13165.8	 13352.6	 13104.5	 0.492296	 2	 543
79	 6	 8.35899	 6.725	 96	 13169.6	 13352.6	 13111.1	 0.492296	 2	 549
80	 5	 8.35636	 6.55	 96	 13176.3	 13352.6	 13125.9	 0.492296	 2	 554
81	 4	 8.34974	 6.95	 96	 13180.1	 13352.6	 13133.1	 0.492296	 2	 558
82	 5	 8.36857	 6.825	 96	 13181.6	 13352.6	 13136.6	 0.492296	 2	 563
83	 5	 8.34129	 6.775	 96	 13184	 13352.6	 13138.7	 0.492296	 2	 568
84	 5	 8.34287	 6.8	 96	 13186.3	 13352.6	 13143.4	 0.492296	 2	 573
85	 6	 8.33111	 6.975	 96	 13189.3	 13352.6	 13144.6	 0.492296	 2	 579
86	 5	 8.30456	 7.3	 96	 13194.7	 13361.6	 13148.1	 0.543066	 2	 584
87	 6	 8.30251	 7.5	 96	 13195	 13361.6	 13149.5	 0.488759	 2	 590
88	 4	 8.30251	 8.25	 96	 13195	 13361.6	 13149.5	 0.439883	 2	 594
89	 5	 8.29635	 8.55	 96	 13196.8	 13361.6	 13152.6	 0.439883	 2	 599
90	 5	 8.28782	 8.875	 96	 13198.3	 13361.6	 13156.7	 0.395895	 2	 604
91	 5	 8.26991	 8.375	 96	 13199.5	 13361.6	 13159	 0.356306	 2	 609
92	 5	 8.25825	 9	 96	 13200.7	 13361.6	 13161.3	 0.356306	 2	 614
93	 6	 8.26867	 9.175	 96	 13202.6	 13361.6	 13162.3	 0.356306	 2	 620
94	 4	 8.25283	 8.95	 96	 13207.5	 13361.6	 13166.1	 0.356306	 2	 624
95	 5	 8.26583	 9.525	 96	 13208.8	 13361.6	 13167.1	 0.356306	 2	 629
96	 4	 8.27471	 9.025	 96	 13210.6	 13361.6	 13171.2	 0.356306	 2	 633
97	 5	 8.29339	 9.075	 96	 13211.7	 13361.6	 13173.8	 0.320675	 2	 638
98	 5	 8.29945	 9.175	 96	 13212.3	 13361.6	 13175.9	 0.320675	 2	 643
99	 6	 8.34128	 8.45	 96	 13222.2	 13464.8	 13181.8	 0.388608	 2	 649
100	 4	 8.34248	 8.575	 96	 13224.7	 13464.8	 13182.4	 0.388608	 2	 653
101	 3	 8.3294	 8.75	 96	 13225.5	 13464.8	 13182.9	 0.388608	 2	 656
102	 5	 8.3134	 8.6	 96	 13226.1	 13464.8	 13184.2	 0.388608	 2	 661
103	 3	 8.25329	 8.575	 96	 13226.5	 13464.8	 13184.9	 0.349747	 2	 664
104	 6	 8.25771	 8.7	 96	 13226.6	 13464.8	 13185.4	 0.314772	 2	 670
105	 5	 8.25726	 9.1	 96	 13227.1	 13464.8	 13186.9	 0.314772	 2	 675
106	 5	 8.26914	 8.925	 96	 13230.5	 13464.8	 13190.4	 0.283295	 2	 680
107	 5	 8.26914	 9.675	 96	 13230.5	 13464.8	 13190.4	 0.254965	 2	 685
108	 5	 8.26914	 10.425	 96	 13230.5	 13464.8	 13190.4	 0.229469	 2	 690
109	 6	 8.26786	 11.05	 96	 13231.3	 13464.8	 13190.9	 0.229469	 2	 696
110	 5	 8.26799	 10.875	 96	 13234.2	 13464.8	 13191.8	 0.229469	 2	 701
111	 4	 8.28681	 10.35	 96	 13236.4	 13464.8	 13193.1	 0.229469	 2	 705
112	 7	 8.30392	 9.95	 96	 13240.2	 13464.8	 13195.6	 0.229469	 2	 712
113	 5	 8.34766	 7.875	 96	 13254	 13464.8	 13201.2	 0.229469	 2	 717
114	 5	 8.34766	 8.625	 96	 13254	 13464.8	 13201.2	 0.206522	 2	 722
115	 4	 8.35486	 8.65	 96	 13254.9	 13464.8	 13201.3	 0.18587	 2	 726
116	 4	 8.3627	 8.475	 96	 13260.2	 13464.8	 13203.4	 0.167283	 2	 730
117	 5	 8.35447	 7.7	 96	 13265.6	 13464.8	 13206.2	 0.167283	 2	 735
118	 5	 8.34368	 7.275	 96	 13266.2	 13464.8	 13206.6	 0.167283	 2	 740
119	 4	 8.31567	 6.175	 96	 13275.4	 13521.9	 13210.4	 0.250555	 2	 744
120	 5	 8.32201	 5.875	 96	 13281.3	 13521.9	 13211.9	 0.250555	 2	 749
121	 5	 8.28863	 6.4	 96	 13284.5	 13521.9	 13215	 0.250555	 2	 754
122	 6	 8.2715	 6.575	 96	 13285.1	 13521.9	 13218.6	 0.225499	 2	 760
123	 6	 8.26567	 6.7	 96	 13291.2	 13521.9	 13223.8	 0.202949	 2	 766
124	 5	 8.23547	 6.975	 96	 13297.1	 13521.9	 13230.2	 0.182654	 2	 771
125	 6	 8.20739	 6.3	 96	 13300.8	 13521.9	 13235.1	 0.182654	 2	 777
126	 5	 8.15435	 6.375	 96	 13312.8	 13521.9	 13237.4	 0.182654	 2	 782
127	 8	 8.15435	 7.125	 96	 13312.8	 13521.9	 13237.4	 0.164389	 2	 790
128	 6	 8.11759	 7.025	 96	 13322.7	 13521.9	 13239	 0.14795	 2	 796
129	 4	 8.09391	 7.1	 96	 13333.4	 13572.4	 13239.5	 0.233155	 2	 800
130	 5	 8.06216	 7.025	 96	 13339	 13572.4	 13240.7	 0.233155	 2	 805
131	 6	 7.97124	 6.175	 96	 13348.5	 13572.4	 13251.2	 0.233155	 2	 811
132	 5	 7.92331	 5.675	 96	 13358.1	 13572.4	 13268	 0.233155	 2	 816
133	 5	 7.77149	 4.775	 96	 13366.8	 13572.4	 13286.9	 0.233155	 2	 821
134	 4	 7.77716	 4.7	 96	 13369.6	 13572.4	 13299.1	 0.233155	 2	 825
135	 5	 7.78938	 4.575	 96	 13373.1	 13572.4	 13307.4	 0.233155	 2	 830
136	 5	 7.79379	 5.125	 96	 13379.9	 13572.4	 13310.1	 0.233155	 2	 835
137	 3	 7.79107	 5.575	 96	 13382	 13572.4	 13314.2	 0.233155	 2	 838
138	 6	 7.78616	 5.775	 96	 13385.9	 13572.4	 13317.1	 0.233155	 2	 844
139	 6	 7.79895	 5.925	 96	 13389.3	 13572.4	 13323.1	 0.233155	 2	 850
140	 5	 7.80738	 5.825	 96	 13397.3	 13572.4	 13324.5	 0.233155	 2	 855
141	 5	 7.80332	 6	 96	 13410	 13603.2	 13330.6	 0.309839	 2	 860
142	 4	 7.81263	 5.925	 96	 13414	 13603.2	 13338.7	 0.309839	 2	 864
143	 5	 7.81008	 5.775	 96	 13422	 13603.2	 13351.2	 0.309839	 2	 869
144	 5	 7.80895	 5.775	 96	 13426.3	 13603.2	 13354.1	 0.309839	 2	 874
145	 5	 7.80751	 5.725	 96	 13432.5	 13603.2	 13361.6	 0.309839	 2	 879
146	 6	 7.80541	 5.3	 96	 13435.6	 13603.2	 13363.3	 0.278856	 2	 885
147	 6	 7.78728	 5.275	 96	 13445.7	 13603.2	 13372.7	 0.278856	 2	 891
148	 5	 7.78653	 5.8	 96	 13449.1	 13603.2	 13377.9	 0.278856	 2	 896
149	 6	 7.77095	 6.325	 96	 13455.5	 13631.6	 13380.5	 0.35097	 2	 902
150	 6	 7.76913	 5.85	 96	 13465	 13631.6	 13386.1	 0.35097	 2	 908
151	 6	 7.77222	 5.55	 96	 13474.4	 13631.6	 13394.5	 0.35097	 2	 914
152	 5	 7.77222	 6.3	 96	 13474.4	 13631.6	 13394.5	 0.315873	 2	 919
153	 6	 7.75999	 6.375	 96	 13478.4	 13631.6	 13397.9	 0.284286	 2	 925
154	 5	 7.77572	 6.375	 96	 13481.7	 13631.6	 13401.4	 0.284286	 2	 930
155	 8	 7.77326	 6.175	 96	 13483.2	 13631.6	 13404.2	 0.284286	 2	 938
156	 5	 7.75906	 6.55	 96	 13489.7	 13631.6	 13416.1	 0.284286	 2	 943
157	 6	 7.75906	 7.3	 96	 13489.7	 13631.6	 13416.1	 0.255857	 2	 949
158	 6	 7.75922	 7.375	 96	 13494.8	 13631.6	 13420.3	 0.255857	 2	 955
159	 8	 7.76121	 8	 96	 13496.3	 13631.6	 13422.3	 0.255857	 2	 963
160	 6	 7.74507	 7.6	 96	 13503.9	 13631.6	 13431.9	 0.230271	 2	 969
161	 6	 7.7053	 7.3	 96	 13509.4	 13631.6	 13441.6	 0.230271	 2	 975
162	 5	 7.69935	 6.575	 96	 13516.4	 13631.6	 13446.1	 0.230271	 2	 980
163	 4	 7.71738	 6.3	 96	 13519.3	 13631.6	 13449.8	 0.230271	 2	 984
164	 8	 7.73283	 5.825	 96	 13523.1	 13631.6	 13464.8	 0.230271	 2	 992
165	 6	 7.73965	 5.9	 96	 13526.5	 13631.6	 13471.8	 0.230271	 2	 998
166	 6	 7.72942	 6.5	 96	 13531.9	 13646.6	 13474.2	 0.307244	 2	 1004
167	 6	 7.71531	 6.75	 96	 13536	 13646.6	 13475	 0.307244	 2	 1010
168	 6	 7.71761	 7	 96	 13536.5	 13646.6	 13476.2	 0.27652	 2	 1016
169	 6	 7.71761	 7.75	 96	 13536.5	 13646.6	 13476.2	 0.248868	 2	 1022
170	 5	 7.73796	 8.05	 96	 13539.1	 13646.6	 13479.1	 0.248868	 2	 1027
171	 5	 7.7236	 8.275	 96	 13544.7	 13647.8	 13485.3	 0.323981	 2	 1032
172	 6	 7.70563	 8.1	 96	 13546	 13647.8	 13485.9	 0.323981	 2	 1038
173	 3	 7.69281	 8.6	 96	 13547	 13647.8	 13486.4	 0.291583	 2	 1041
174	 6	 7.69281	 9.35	 96	 13547	 13647.8	 13486.4	 0.262425	 2	 1047
175	 8	 7.66883	 9.7	 96	 13550.2	 13647.8	 13490.3	 0.262425	 2	 1055
176	 5	 7.65983	 9.425	 96	 13554.2	 13647.8	 13496.2	 0.236182	 2	 1060
177	 7	 7.6461	 9.225	 96	 13562	 13691.5	 13510.4	 0.312564	 2	 1067
178	 4	 7.61922	 9.375	 96	 13562.7	 13691.5	 13510.6	 0.281308	 2	 1071
179	 8	 7.61392	 9.35	 96	 13567.9	 13691.5	 13512.4	 0.281308	 2	 1079
180	 7	 7.61267	 9.75	 96	 13569.6	 13691.5	 13513.2	 0.281308	 2	 1086
181	 6	 7.58613	 9.575	 96	 13570.1	 13691.5	 13521.5	 0.253177	 2	 1092
182	 5	 7.58606	 10.25	 96	 13572.3	 13691.5	 13521.9	 0.253177	 2	 1097
183	 7	 7.58606	 11	 96	 13572.3	 13691.5	 13521.9	 0.227859	 2	 1104
184	 5	 7.58211	 10.925	 96	 13572.4	 13691.5	 13522.4	 0.205073	 2	 1109
185	 5	 7.58504	 11.125	 96	 13572.6	 13691.5	 13525.8	 0.184566	 2	 1114
186	 8	 7.56897	 11.625	 96	 13576.3	 13691.5	 13526.9	 0.184566	 2	 1122
187	 6	 7.56469	 12.05	 96	 13578.2	 13691.5	 13527.8	 0.184566	 2	 1128
188	 6	 7.56561	 11.5	 96	 13581.3	 13691.5	 13529.6	 0.184566	 2	 1134
189	 8	 7.56367	 10.375	 96	 13586.1	 13691.5	 13537.7	 0.184566	 2	 1142
190	 6	 7.56099	 10.35	 96	 13588.5	 13691.5	 13542.2	 0.184566	 2	 1148
191	 6	 7.56062	 11.075	 96	 13590.2	 13691.5	 13542.2	 0.166109	 2	 1154
192	 6	 7.56513	 10.1	 96	 13592.6	 13691.5	 13544.5	 0.166109	 2	 1160
193	 6	 7.55991	 10.75	 96	 13593.6	 13691.5	 13551.8	 0.166109	 2	 1166
194	 3	 7.5582	 11.45	 96	 13595.5	 13691.5	 13553.4	 0.166109	 2	 1169
195	 6	 7.55429	 10.575	 96	 13601.4	 13778.6	 13555.1	 0.249498	 2	 1175
196	 6	 7.56271	 9.7	 96	 13602.1	 13778.6	 13557.4	 0.224549	 2	 1181
197	 3	 7.56271	 10.45	 96	 13602.1	 13778.6	 13557.4	 0.202094	 2	 1184
198	 8	 7.56538	 10.4	 96	 13604.8	 13778.6	 13557.9	 0.202094	 2	 1192
199	 8	 7.56411	 10.35	 96	 13605.2	 13778.6	 13560.8	 0.181884	 2	 1200
200	 3	 7.55776	 10.25	 96	 13607.8	 13778.6	 13565.6	 0.181884	 2	 1203
201	 6	 7.56056	 10.1	 96	 13609	 13778.6	 13569.2	 0.181884	 2	 1209
202	 5	 7.55813	 10.2	 96	 13609.4	 13778.6	 13570.4	 0.163696	 2	 1214
203	 8	 7.55813	 10.95	 96	 13609.4	 13778.6	 13570.4	 0.147326	 2	 1222
204	 8	 7.55841	 10.275	 96	 13612.2	 13778.6	 13574.1	 0.147326	 2	 1230
205	 9	 7.55353	 10.225	 96	 13614.2	 13778.6	 13577	 0.147326	 2	 1239
206	 5	 7.54952	 10.725	 96	 13618.1	 13778.6	 13577.1	 0.147326	 2	 1244
207	 8	 7.53844	 9.975	 96	 13621.5	 13778.6	 13582.2	 0.132594	 2	 1252
208	 1	 7.54653	 10.325	 96	 13621.7	 13778.6	 13582.6	 0.132594	 2	 1253
209	 7	 7.54249	 10.55	 96	 13622.2	 13778.6	 13584.1	 0.119334	 2	 1260
210	 7	 7.54781	 9.7	 96	 13625.6	 13778.6	 13587.8	 0.119334	 2	 1267
211	 6	 7.54739	 10.425	 96	 13627.1	 13778.6	 13588.9	 0.119334	 2	 1273
212	 8	 7.54739	 11.175	 96	 13627.1	 13778.6	 13588.9	 0.107401	 2	 1281
213	 4	 7.54358	 11.075	 96	 13627.7	 13778.6	 13589.3	 0.0966608	 2	 1285
214	 5	 7.54278	 11.275	 96	 13632.2	 13778.6	 13591.8	 0.0966608	 2	 1290
215	 7	 7.53096	 11.85	 96	 13633.4	 13778.6	 13592.5	 0.0966608	 2	 1297
216	 4	 7.53181	 11.75	 96	 13634.6	 13778.6	 13593.8	 0.0869947	 2	 1301
217	 7	 7.53181	 12.5	 96	 13634.6	 13778.6	 13593.8	 0.0782952	 2	 1308
218	 9	 7.53181	 13.25	 96	 13634.6	 13778.6	 13593.8	 0.0704657	 2	 1317
219	 5	 7.53251	 13.175	 96	 13636.7	 13778.6	 13594.4	 0.0704657	 2	 1322
220	 5	 7.52865	 13.45	 96	 13639.4	 13778.6	 13595.3	 0.0634191	 2	 1327
221	 6	 7.53065	 13.325	 96	 13641	 13778.6	 13596.6	 0.0570772	 2	 1333
222	 8	 7.52582	 13.225	 96	 13644.3	 13778.6	 13599.9	 0.0570772	 2	 1341
223	 7	 7.52462	 13.5	 96	 13647.3	 13778.6	 13600.1	 0.0513695	 2	 1348
224	 3	 7.51971	 13.325	 96	 13648.4	 13778.6	 13602.7	 0.0462326	 2	 1351
225	 6	 7.51971	 14.075	 96	 13648.4	 13778.6	 13602.7	 0.0416093	 2	 1357
226	 9	 7.51964	 14.4	 96	 13648.4	 13778.6	 13602.8	 0.0374484	 2	 1366
227	 7	 7.51964	 15.15	 96	 13648.4	 13778.6	 13602.8	 0.0337035	 2	 1373
228	 7	 7.51067	 14.925	 96	 13648.9	 13778.6	 13603.2	 0.0337035	 2	 1380
229	 9	 7.51333	 14.6	 96	 13652.5	 13778.6	 13605.6	 0.0337035	 2	 1389
230	 4	 7.51952	 14.35	 96	 13652.7	 13778.6	 13607.4	 0.0303332	 2	 1393
231	 6	 7.51739	 14.1	 96	 13653	 13778.6	 13607.6	 0.0272999	 2	 1399
232	 9	 7.52115	 14.3	 96	 13653.1	 13778.6	 13610.9	 0.0245699	 2	 1408
233	 7	 7.52158	 11.6	 96	 13655.2	 13778.6	 13612.2	 0.0245699	 2	 1415
234	 7	 7.52294	 12.3	 96	 13656	 13778.6	 13612.6	 0.0245699	 2	 1422
235	 4	 7.52294	 13.05	 96	 13656	 13778.6	 13612.6	 0.0221129	 2	 1426
236	 5	 7.52494	 13.725	 96	 13657.2	 13778.6	 13613.1	 0.0221129	 2	 1431
237	 5	 7.52032	 14.3	 96	 13657.5	 13778.6	 13613.4	 0.0199016	 2	 1436
238	 5	 7.52032	 15.05	 96	 13657.5	 13778.6	 13613.4	 0.0179114	 2	 1441
239	 6	 7.52032	 15.8	 96	 13657.5	 13778.6	 13613.4	 0.0161203	 2	 1447
240	 3	 7.51924	 15.05	 96	 13657.9	 13778.6	 13613.9	 0.0145083	 2	 1450
241	 8	 7.51904	 14.9	 96	 13658.1	 13778.6	 13614.2	 0.0145083	 2	 1458
242	 8	 7.52481	 14.325	 96	 13660	 13778.6	 13619.2	 0.0145083	 2	 1466
243	 4	 7.52481	 15.075	 96	 13660	 13778.6	 13619.2	 0.0130574	 2	 1470
244	 5	 7.52584	 15.5	 96	 13660.3	 13778.6	 13621.7	 0.0117517	 2	 1475
245	 8	 7.52055	 14.65	 96	 13662.4	 13778.6	 13623.3	 0.0117517	 2	 1483
246	 8	 7.52626	 15.275	 96	 13662.7	 13778.6	 13624.8	 0.0105765	 2	 1491
247	 8	 7.52664	 15.775	 96	 13664.1	 13778.6	 13625.9	 0.0105765	 2	 1499
248	 7	 7.52538	 16.325	 96	 13666.6	 13778.6	 13626.3	 0.0105765	 2	 1506
249	 5	 7.52538	 17.075	 96	 13666.6	 13778.6	 13626.3	 0.00951887	 2	 1511
250	 8	 7.50419	 16.625	 96	 13667.4	 13778.6	 13629.5	 0.00951887	 2	 1519
251	 8	 7.50833	 16.2	 96	 13667.4	 13778.6	 13629.6	 0.00856699	 2	 1527
252	 5	 7.50833	 16.95	 96	 13667.4	 13778.6	 13629.6	 0.00771029	 2	 1532
253	 6	 7.50833	 17.7	 96	 13667.4	 13778.6	 13629.6	 0.00693926	 2	 1538
254	 5	 7.50481	 17.25	 96	 13668.8	 13778.6	 13630	 0.00693926	 2	 1543
255	 7	 7.50481	 18	 96	 13668.8	 13778.6	 13630	 0.00624533	 2	 1550
256	 8	 7.50485	 18.625	 96	 13672.3	 13778.6	 13631.3	 0.00624533	 2	 1558
257	 5	 7.50485	 19.375	 96	 13672.3	 13778.6	 13631.3	 0.0056208	 2	 1563
258	 3	 7.50485	 20.125	 96	 13672.3	 13778.6	 13631.3	 0.00505872	 2	 1566
259	 7	 7.50492	 20.65	 96	 13672.5	 13778.6	 13631.6	 0.00455285	 2	 1573
260	 4	 7.50492	 21.4	 96	 13672.5	 13778.6	 13631.6	 0.00409756	 2	 1577
261	 4	 7.49612	 20.8	 96	 13673.5	 13778.6	 13632.2	 0.00368781	 2	 1581
262	 8	 7.49063	 20.375	 96	 13675	 13778.6	 13635	 0.00368781	 2	 1589
263	 3	 7.49063	 21.125	 96	 13675	 13778.6	 13635	 0.00331903	 2	 1592
264	 6	 7.49063	 21.875	 96	 13675	 13778.6	 13635	 0.00298712	 2	 1598
265	 5	 7.49063	 22.625	 96	 13675	 13778.6	 13635	 0.00268841	 2	 1603
266	 1	 7.49063	 23.375	 96	 13675	 13778.6	 13635	 0.00241957	 2	 1604
267	 8	 7.48568	 23.6	 96	 13675.6	 13778.6	 13636.5	 0.00217761	 2	 1612
268	 8	 7.47993	 23.775	 96	 13676.8	 13778.6	 13636.8	 0.00217761	 2	 1620
269	 7	 7.47993	 24.525	 96	 13676.8	 13778.6	 13636.8	 0.00195985	 2	 1627
270	 7	 7.46994	 23.775	 96	 13677.1	 13778.6	 13636.9	 0.00176387	 2	 1634
271	 7	 7.46994	 24.525	 96	 13677.1	 13778.6	 13636.9	 0.00158748	 2	 1641
272	 6	 7.46994	 25.275	 96	 13677.1	 13778.6	 13636.9	 0.00142873	 2	 1647
273	 8	 7.46994	 26.025	 96	 13677.1	 13778.6	 13636.9	 0.00128586	 2	 1655
274	 5	 7.46994	 26.775	 96	 13677.1	 13778.6	 13636.9	 0.00115727	 2	 1660
275	 6	 7.47707	 27.125	 96	 13677.4	 13778.6	 13638.7	 0.00115727	 2	 1666
276	 8	 7.47728	 26.35	 96	 13679.5	 13778.6	 13639.8	 0.00115727	 2	 1674
277	 6	 7.48122	 25.575	 96	 13679.7	 13778.6	 13641.5	 0.00104155	 2	 1680
278	 6	 7.48122	 26.325	 96	 13679.7	 13778.6	 13641.5	 0.000937391	 2	 1686
279	 5	 7.48122	 27.075	 96	 13679.7	 13778.6	 13641.5	 0.000843652	 2	 1691
280	 6	 7.48677	 26.875	 96	 13680.1	 13778.6	 13643.5	 0.000843652	 2	 1697
281	 4	 7.48677	 27.625	 96	 13680.1	 13778.6	 13643.5	 0.000759287	 2	 1701
282	 4	 7.4886	 25.725	 96	 13682.5	 13778.6	 13645.6	 0.000759287	 2	 1705
283	 6	 7.4886	 26.475	 96	 13682.5	 13778.6	 13645.6	 0.000683358	 2	 1711
284	 4	 7.4886	 27.225	 96	 13682.5	 13778.6	 13645.6	 0.000615022	 2	 1715
285	 6	 7.49461	 26.125	 96	 13684.9	 13778.6	 13646.6	 0.000615022	 2	 1721
286	 5	 7.49461	 26.875	 96	 13684.9	 13778.6	 13646.6	 0.00055352	 2	 1726
287	 5	 7.49461	 27.625	 96	 13684.9	 13778.6	 13646.6	 0.000498168	 2	 1731
288	 3	 7.49461	 28.375	 96	 13684.9	 13778.6	 13646.6	 0.000448351	 2	 1734
289	 6	 7.49461	 29.125	 96	 13684.9	 13778.6	 13646.6	 0.000403516	 2	 1740
290	 7	 7.49277	 27.975	 96	 13685.1	 13778.6	 13647.8	 0.000363164	 2	 1747
291	 5	 7.49835	 26.925	 96	 13685.4	 13778.6	 13648.3	 0.000326848	 2	 1752
292	 2	 7.49835	 27.675	 96	 13685.4	 13778.6	 13648.3	 0.000294163	 2	 1754
293	 8	 7.49835	 28.425	 96	 13685.4	 13778.6	 13648.3	 0.000264747	 2	 1762
294	 8	 7.49835	 29.175	 96	 13685.4	 13778.6	 13648.3	 0.000238272	 2	 1770
295	 7	 7.49835	 29.925	 96	 13685.4	 13778.6	 13648.3	 0.000214445	 2	 1777
296	 4	 7.49835	 30.675	 96	 13685.4	 13778.6	 13648.3	 0.000193	 2	 1781
297	 6	 7.49972	 29.5	 96	 13686.2	 13778.6	 13648.4	 0.0001737	 2	 1787
298	 3	 7.49972	 30.25	 96	 13686.2	 13778.6	 13648.4	 0.00015633	 2	 1790
299	 5	 7.49177	 29.675	 96	 13686.8	 13778.6	 13650.5	 0.000140697	 2	 1795
300	 5	 7.49177	 30.425	 96	 13686.8	 13778.6	 13650.5	 0.000126628	 2	 1800
301	 9	 7.49177	 31.175	 96	 13686.8	 13778.6	 13650.5	 0.000113965	 2	 1809
302	 7	 7.49568	 31.3	 96	 13688.3	 13778.6	 13651.2	 0.000102568	 2	 1816
303	 3	 7.49568	 32.05	 96	 13688.3	 13778.6	 13651.2	 9.23115e-05	 2	 1819
304	 6	 7.49695	 30.725	 96	 13689.8	 13778.6	 13652.4	 8.30804e-05	 2	 1825
305	 8	 7.49695	 31.475	 96	 13689.8	 13778.6	 13652.4	 7.47723e-05	 2	 1833
306	 8	 7.49446	 30.3	 96	 13689.9	 13778.6	 13653.3	 6.72951e-05	 2	 1841
307	 4	 7.50401	 29.625	 96	 13691.2	 13778.6	 13655.2	 6.05656e-05	 2	 1845
308	 6	 7.50104	 28.725	 96	 13691.8	 13778.6	 13655.3	 6.05656e-05	 2	 1851
309	 6	 7.50565	 29.4	 96	 13692	 13778.6	 13656.1	 5.4509e-05	 2	 1857
310	 8	 7.50642	 29.175	 96	 13693.8	 13778.6	 13656.9	 5.4509e-05	 2	 1865
311	 9	 7.50642	 29.925	 96	 13693.8	 13778.6	 13656.9	 4.90581e-05	 2	 1874
312	 6	 7.50642	 30.675	 96	 13693.8	 13778.6	 13656.9	 4.41523e-05	 2	 1880
313	 9	 7.50533	 29.15	 96	 13694.1	 13778.6	 13657.7	 3.97371e-05	 2	 1889
314	 5	 7.50533	 29.9	 96	 13694.1	 13778.6	 13657.7	 3.57634e-05	 2	 1894
315	 3	 7.50533	 30.65	 96	 13694.1	 13778.6	 13657.7	 3.2187e-05	 2	 1897
316	 6	 7.50223	 30.5	 96	 13694.3	 13778.6	 13657.8	 2.89683e-05	 2	 1903
317	 6	 7.50223	 31.25	 96	 13694.3	 13778.6	 13657.8	 2.60715e-05	 2	 1909
318	 4	 7.50479	 31.525	 96	 13694.9	 13778.6	 13658.1	 2.34644e-05	 2	 1913
319	 4	 7.51301	 30.85	 96	 13695	 13778.6	 13659	 2.11179e-05	 2	 1917
320	 2	 7.51301	 31.6	 96	 13695	 13778.6	 13659	 1.90061e-05	 2	 1919
321	 6	 7.51301	 32.35	 96	 13695	 13778.6	 13659	 1.71055e-05	 2	 1925
322	 8	 7.51301	 33.1	 96	 13695	 13778.6	 13659	 1.5395e-05	 2	 1933
323	 7	 7.51245	 29.95	 96	 13697.6	 13778.6	 13661.5	 1.5395e-05	 2	 1940
324	 7	 7.51245	 30.7	 96	 13697.6	 13778.6	 13661.5	 1.38555e-05	 2	 1947
325	 6	 7.51061	 29.225	 96	 13698	 13778.6	 13661.9	 1.24699e-05	 2	 1953
326	 6	 7.51403	 29.55	 96	 13698.1	 13778.6	 13662.6	 1.12229e-05	 2	 1959
327	 7	 7.51403	 30.3	 96	 13698.1	 13778.6	 13662.6	 1.01006e-05	 2	 1966
328	 6	 7.50921	 30.825	 96	 13698.7	 13778.6	 13664.1	 1.01006e-05	 2	 1972
329	 9	 7.51126	 30.825	 96	 13700	 13778.6	 13664.9	 9.09057e-06	 2	 1981
330	 7	 7.51126	 31.575	 96	 13700	 13778.6	 13664.9	 8.18151e-06	 2	 1988
331	 7	 7.51126	 32.325	 96	 13700	 13778.6	 13664.9	 7.36336e-06	 2	 1995
332	 5	 7.50607	 30.5	 96	 13700.4	 13778.6	 13665.6	 7.36336e-06	 2	 2000
333	 5	 7.5071	 28.8	 96	 13703.4	 13778.6	 13668.2	 7.36336e-06	 2	 2005
334	 6	 7.5071	 29.55	 96	 13703.4	 13778.6	 13668.2	 6.62703e-06	 2	 2011
335	 6	 7.50503	 29.825	 96	 13703.9	 13778.6	 13669.1	 6.62703e-06	 2	 2017
336	 4	 7.50797	 28	 96	 13704.2	 13778.6	 13674.2	 6.62703e-06	 2	 2021
337	 3	 7.50871	 26.85	 96	 13705	 13778.6	 13676.6	 6.62703e-06	 2	 2024
338	 6	 7.52289	 24.95	 96	 13705.6	 13778.6	 13678.6	 5.96432e-06	 2	 2030
339	 3	 7.52289	 25.7	 96	 13705.6	 13778.6	 13678.6	 5.36789e-06	 2	 2033
340	 6	 7.52581	 26.35	 96	 13706	 13778.6	 13678.8	 4.8311e-06	 2	 2039
341	 8	 7.52581	 27.1	 96	 13706	 13778.6	 13678.8	 4.34799e-06	 2	 2047
342	 6	 7.52581	 27.85	 96	 13706	 13778.6	 13678.8	 3.91319e-06	 2	 2053
343	 3	 7.52581	 28.6	 96	 13706	 13778.6	 13678.8	 3.52187e-06	 2	 2056
344	 6	 7.52581	 29.35	 96	 13706	 13778.6	 13678.8	 3.16969e-06	 2	 2062
345	 7	 7.52581	 30.1	 96	 13706	 13778.6	 13678.8	 2.85272e-06	 2	 2069
346	 6	 7.52581	 30.85	 96	 13706	 13778.6	 13678.8	 2.56745e-06	 2	 2075
347	 5	 7.5318	 28.125	 96	 13708.9	 13778.6	 13679.6	 2.56745e-06	 2	 2080
348	 4	 7.53067	 26.375	 96	 13711.4	 13779.6	 13679.8	 0.100002	 2	 2084
349	 7	 7.53067	 27.125	 96	 13711.4	 13779.6	 13679.8	 0.0900021	 2	 2091
350	 7	 7.53067	 27.875	 96	 13711.4	 13779.6	 13679.8	 0.0810019	 2	 2098
351	 5	 7.54655	 27.45	 96	 13711.8	 13779.6	 13680.7	 0.0810019	 2	 2103
352	 4	 7.54655	 28.2	 96	 13711.8	 13779.6	 13680.7	 0.0729017	 2	 2107
353	 7	 7.54655	 28.95	 96	 13711.8	 13779.6	 13680.7	 0.0656115	 2	 2114
354	 4	 7.54655	 29.7	 96	 13711.8	 13779.6	 13680.7	 0.0590504	 2	 2118
355	 5	 7.54655	 30.45	 96	 13711.8	 13779.6	 13680.7	 0.0531453	 2	 2123
356	 7	 7.54676	 30.25	 96	 13712.7	 13779.6	 13682.4	 0.0478308	 2	 2130
357	 6	 7.54676	 31	 96	 13712.7	 13779.6	 13682.4	 0.0430477	 2	 2136
358	 6	 7.54676	 31.75	 96	 13712.7	 13779.6	 13682.4	 0.0387429	 2	 2142
359	 5	 7.54727	 30.95	 96	 13713.3	 13779.6	 13683.4	 0.0348686	 2	 2147
360	 4	 7.54727	 31.7	 96	 13713.3	 13779.6	 13683.4	 0.0313818	 2	 2151
361	 8	 7.54727	 32.45	 96	 13713.3	 13779.6	 13683.4	 0.0282436	 2	 2159
362	 7	 7.5492	 31.2	 96	 13714	 13779.6	 13684.6	 0.0282436	 2	 2166
363	 5	 7.5492	 31.95	 96	 13714	 13779.6	 13684.6	 0.0254192	 2	 2171
364	 5	 7.55005	 30.3	 96	 13715.4	 13779.6	 13684.9	 0.0254192	 2	 2176
365	 2	 7.55005	 31.05	 96	 13715.4	 13779.6	 13684.9	 0.0228773	 2	 2178
366	 3	 7.55005	 31.8	 96	 13715.4	 13779.6	 13684.9	 0.0205896	 2	 2181
367	 7	 7.55005	 32.55	 96	 13715.4	 13779.6	 13684.9	 0.0185306	 2	 2188
368	 5	 7.55005	 33.3	 96	 13715.4	 13779.6	 13684.9	 0.0166776	 2	 2193
369	 5	 7.55005	 34.05	 96	 13715.4	 13779.6	 13684.9	 0.0150098	 2	 2198
370	 6	 7.54663	 32.35	 96	 13718.5	 13779.6	 13687.2	 0.0150098	 2	 2204
371	 8	 7.54285	 29.675	 96	 13720.4	 13779.6	 13689.1	 0.0150098	 2	 2212
372	 7	 7.54285	 30.425	 96	 13720.4	 13779.6	 13689.1	 0.0135088	 2	 2219
373	 6	 7.54015	 30.3	 96	 13720.7	 13779.6	 13689.6	 0.0121579	 2	 2225
374	 6	 7.54015	 31.05	 96	 13720.7	 13779.6	 13689.6	 0.0109422	 2	 2231
375	 8	 7.53477	 30.175	 96	 13722.2	 13779.6	 13690.1	 0.0109422	 2	 2239
376	 5	 7.53441	 29.975	 96	 13724.7	 13790.5	 13690.2	 0.109848	 2	 2244
377	 5	 7.53441	 30.725	 96	 13724.7	 13790.5	 13690.2	 0.0988631	 2	 2249
378	 5	 7.53122	 28.425	 96	 13724.9	 13790.5	 13690.6	 0.0889768	 2	 2254
379	 8	 7.53328	 28.075	 96	 13725.1	 13790.5	 13691.5	 0.0800791	 2	 2262
380	 5	 7.53328	 28.825	 96	 13725.1	 13790.5	 13691.5	 0.0720712	 2	 2267
381	 6	 7.53328	 29.575	 96	 13725.1	 13790.5	 13691.5	 0.0648641	 2	 2273
382	 7	 7.53328	 30.325	 96	 13725.1	 13790.5	 13691.5	 0.0583777	 2	 2280
